202081000197
202081000219
202081000232
202081000192
202081001469
202081000220
202081000243
202081001579
202081000224
202081000300
202081000239
202081000294
202081000189
202081001558
202081001523
202081001498
202081001451
202081000215
202081000252
202081001542
202081000248
202081001523
202081000383
202081000184
202081001613
202081001479
202081000223
202081000196
202081000213
202081000246
202081000179
202081001503
202081000235
202081001614
202081000191
202081001500
202081000258
202081000281
202081000238
202081001467
202081000274
202081000321
202081001480
202081001435
202081001471
202081001576
202081000390
202081001491
202081001502
202081000217
202081001608
202081000319
202081001503
202081001578
202081000291
202081001485
202081001520
202081000253
202081001568
202081000189
202081001470
202081001489
202081001478
202081000287
202081000250
202081000253
202081001573
202081001509
202081000256
202081000249
202081001482
202081001433
202081000268
202081001493
202081001615
202081001517
202081000233
202081001479
202081000275
202081000242
202081001507
202081000204
202081001488
202081000195
202081000389
202081001559
202081001457
202081001484
202081000240
202081000277
202081001483
202081000225
202081001508
202081001499
202081000315
202081000216
202081001432
202081001594
202081000280
202081000255
202081001464
202081001496
202081000194
202081000211
202081000198
202081001437
202081001555
202081000386
202081000384
202081000298
202081000383
202081001463
202081000237
202081001436
202081000221
202081000201
202081000282
202081000253
202081000210
202081000313
202081001562
202081001487
202081001540
202081000218
202081000283
202081001618
202081000244
202081001515
202081001504
202081001468
202081001469
202081001503
202081001487
202081000239
202081000212
202081000385
202081000236
202081001460
202081000248
202081000202
202081001546
202081001434
202081000254
202081000195
202081001480
202081001479
202181000794
202181000661
202181000739
202181000670
202181000740
202181000611
202181000674
202181000755
202181001493
202181000789
202181000791
202181000662
202181001493
202181000685
202181000782
202181000611
202181000741
202181000684
202181000792
202181000784
202181000660
202181000688
202181000799
202181000672
202181000741
202181000745
202181000796
202181000785
202181000739
202181000795
202181001576
202181000687
202181000652
202181000791
202181000788
202181000755
202181001558
202181000782
202181000215
202181000792
202281000313
202281000296
202281000308
202281000294
202281000286
202281000292
202281000309
202281000306
202281000314
202281000310
202281000296
202281000312
202281000304
202281000293
202281000311
202281000309