202081000197
202081000192
202081000243
202081001579
202081000239
202081000189
202081001558
202081001523
202081001451
202081000215
202081000248
202081001523
202081000383
202081001479
202081000196
202081000213
202081000179
202081001503
202081000235
202081000191
202081001500
202081001480
202081001576
202081001608
202081001503
202081000291
202081001520
202081000253
202081001568
202081000189
202081000287
202081000253
202081001479
202081000242
202081001507
202081000204
202081000195
202081000389
202081000315
202081001594
202081000194
202081000198
202081001555
202081000386
202081000384
202081000298
202081000383
202081001463
202081000201
202081000282
202081000253
202081000283
202081000244
202081000239
202081000385
202081000248
202081000202
202081001546
202081000195
202081001479
202181000794
202181000661
202181000739
202181000670
202181000740
202181000789
202181000791
202181000662
202181000741
202181000792
202181000660
202181000741
202181000796
202181000785
202181000739
202181000795
202181000791
202181000792
202281000306
202281000312
202281000311
